   7.6293945312500000E-004   6.5768837928771973     
   45.865011215209961        26.638352870941162     
   4.7044515609741211        33.943223953247070     
   93.469285964965820        19.175100326538086     
   83.096528053283691        1.7285943031311035     
   52.970004081726074        33.557462692260742     
   38.341546058654785        3.3421039581298828     
   68.677258491516113        29.448831081390381     
   84.616684913635254        26.346433162689209     
   65.391874313354492        20.799958705902100     
   91.032075881958008        38.109898567199707     
   4.7464370727539062        36.804091930389404     
   63.263845443725586        37.820518016815186     
   36.533856391906738        12.351942062377930     
   72.266030311584473        37.667787075042725     
   7.2685718536376953        31.581735610961914     
   27.270984649658203        21.820569038391113     
   47.773170471191406        11.888718605041504     
   35.926485061645508        8.3253502845764160     
   89.765620231628418        45.460402965545654     
   90.465307235717773        25.226140022277832     
   29.000285067512507        328.97697883923433     
   45.865011215209961        26.638352870941162     
   33.097346035050748        237.52940329014032     
  -18.475797587971414        213.51372265604908     
   29.965019226074219        27.714840571085617     
   52.970004081726074        33.557462692260742     
   168.58426689481090       -128.73459825464207     
   203.80472170425520       -306.57891905440334     
  -421.87221190862027        422.58420997578463     
   50.845442877875428        40.864351060655373     
   127.94732488231895       -241.38330618540439     
   202.98254843111394       -201.39361443342975     
   63.263845443725586        37.820518016815186     
   83.923987116942286       -69.823824845151165     
  -110.25329784110743        262.84275540599106     
   271.98002259917718       -387.12142817113937     
  -165.00181667730783        8.5918425614402167     
   47.773170471191406        11.888718605041504     
   267.22988657172982       -428.95909489482068     
   93.095319817259139       -102.76703558722545     
   57.371261090408098        20.464313422701252     
   121.88714446461765       -21.095318962182105     
   45.865011215209961        26.638352870941162     
   86.258249842979723       -25.382670252068955     
   41.666213436582836        42.925007675695710     
   29.965019226074219        27.714840571085617     
   52.970004081726074        33.557462692260742     
   34.331769343701637        43.133572426634657     
   116.89776346970947       -51.996820603348141     
   102.29340383149227       -60.584255097745611     
   50.845442877875428        40.864351060655373     
   32.412564549291261        52.359186074056296     
   58.467706520614826        55.225828041215600     
   63.263845443725586        37.820518016815186     
   25.507714905487092        62.334076155513735     
   130.32731034209974       -37.983523269920433     
   140.26793775145848       -1.4765326461063637     
   84.223142026630597       -17.908944477609438     
   47.773170471191406        11.888718605041504     
   146.08450334086942       -27.201109202650308     
   30.209485585224087        69.590371381040853     
   57.371261090408098        20.464313422701252     
   108.34311048001780       -34.993287897777684     
   45.865011215209961        26.638352870941162     
   86.258249842979723       -25.382670252068955     
   118.53242794984280       -22.039420336758539     
   51.907203167414991        29.827721919592456     
   52.970004081726074        33.557462692260742     
   34.331769343701637        43.133572426634657     
   99.356440555429430       -26.601241165956836     
   101.39445162561830       -53.264143385818883     
   50.845442877875428        40.864351060655373     
   76.794889961786581       -29.523716390495263     
   88.562354906659181       -42.062623140004384     
   110.68921552952139       -25.015677983630887     
   74.777209723606205       -30.525864670024994     
   97.731290018693215       -29.462856368045689     
   104.01190720997400       -40.435088792357163     
   84.223142026630597       -17.908944477609438     
   47.773170471191406        11.888718605041504     
   93.248861421580386       -51.279320442476688     
   81.706241951723712       -20.769086506334610     
   57.371261090408098        20.464313422701252     
   87.043638416156284       -36.092502571394384     
   45.865011215209961        26.638352870941162     
   86.258249842979723       -25.382670252068955     
   57.094958411351143        14.495963822675243     
   51.907203167414991        29.827721919592456     
   52.970004081726074        33.557462692260742     
   59.615039938739528        21.857733120236826     
   99.356440555429430       -26.601241165956836     
   82.526363166358834       -22.264545165014660     
   45.754549829875415        22.770866988718495     
   76.794889961786581       -29.523716390495263     
   91.876739744174017       -28.586848183039749     
   94.348426731887201       -36.660329181479078     
   44.834499226566820        27.674475725206740     
   97.731290018693215       -29.462856368045689     
   55.248976367922950        22.263923424866121     
   84.223142026630597       -17.908944477609438     
   47.773170471191406        11.888718605041504     
   43.470482656821261        44.745241332558805     
   81.706241951723712       -20.769086506334610     
   57.371261090408098        20.464313422701252     
   78.126434422453684       -21.592079244712089     
   45.865011215209961        26.638352870941162     
   46.710800765587237        21.834238251274964     
   57.094958411351143        14.495963822675243     
   55.071332172673522        15.635305456283621     
   82.604238568662282       -19.172447965299099     
   40.883609115212508        22.585476247125516     
   45.417427892494814        19.713384742821649     
   82.526363166358834       -22.264545165014660     
   45.754549829875415        22.770866988718495     
   54.391082198794550        16.631907108949839     
   84.046052250721743       -19.838718071990790     
   79.242115059955808       -24.206508395666617     
   44.834499226566820        27.674475725206740     
   48.421070153362024        21.425532178305296     
   55.248976367922950        22.263923424866121     
   84.223142026630597       -17.908944477609438     
   47.773170471191406        11.888718605041504     
   73.999378655909311       -16.022468243116617     
   81.706241951723712       -20.769086506334610     
   57.371261090408098        20.464313422701252     
   48.692093937711206        14.192954396423584     
   50.205442544516671        15.208326644764817     
   46.710800765587237        21.834238251274964     
   57.094958411351143        14.495963822675243     
   55.071332172673522        15.635305456283621     
   54.254897829050975        10.423069013213212     
   48.136026280163321        14.538978060538195     
   45.417427892494814        19.713384742821649     
   47.177067097412660        14.871558834752122     
   45.754549829875415        22.770866988718495     
   54.391082198794550        16.631907108949839     
   50.527950885270712        16.366384739089430     
   54.237455600005845        12.512779822222022     
   49.859357719482077        17.358127696748682     
   56.264367427988958        11.586207080748327     
   45.749689608507438        14.897947874788947     
   49.041298625456704        16.116912034091385     
   47.773170471191406        11.888718605041504     
   49.352524995085858        11.645859778139791     
   52.130583175981698        10.903959375582264     
   46.156884247653252        15.852092764364539     
   48.692093937711206        14.192954396423584     
   50.205442544516671        15.208326644764817     
   51.732719577642627        10.471187109862850     
   50.958401619567255        10.937035005109212     
   49.193754473395458        13.179694768908320     
   50.325882496779087        10.183139305772986     
   54.172501968228786        9.5306026532690922     
   50.648413079784646        14.807895601431969     
   51.171029872909443        13.597290480374248     
   54.064821868560486        11.430587957204700     
   49.132381309294303        12.494891317567721     
   50.935605126281914        15.171880323638380     
   50.456818916459454        13.317760226311719     
   48.352545486386362        11.296487332484759     
   52.061562271070173        14.015265637258555     
   53.010878920514273        13.879672243564485     
   51.405077508179090        12.968937271460817     
   52.505911904377314        10.677745722280992     
   49.352524995085858        11.645859778139791     
   52.130583175981698        10.903959375582264     
   54.064821868560486        11.430587957204700     
   51.533351823120256        10.765567855268177     
   51.388108013489884        12.934584974468304     
   50.248844466443131        11.650822340235408     
   50.958401619567255        10.937035005109212     
   50.150027810678750        9.3781483228079949     
   50.325882496779087        10.183139305772986     
   52.647733488377739        10.666507091667754     
   51.025997931515604        12.653738047483994     
   51.171029872909443        13.597290480374248     
   51.086014405113048        12.712016563941816     
   52.203345520085477        10.771023750561145     
   52.684936150424448        9.0161302032015058     
   51.275427950741957        13.505513695457726     
   50.369508965328578        12.963677181518193     
   51.519343088325499        11.705504141824321     
   50.391609780946141        11.979860442913843     
   51.405077508179090        12.968937271460817     
   50.779227210712094        11.349589681283881     
   50.344358585595202        12.099019316581785     
   51.918804546623889        9.0005477467678752     
   51.116662352393888        13.307242868786467     
   51.533351823120256        10.765567855268177     
   51.392958521954966        10.426049329297314     
   50.408410933844934        11.171585088860766     
   50.958401619567255        10.937035005109212     
   51.870979486457884        10.226538074862564     
   51.868638889243073        9.5757523512064644     
   50.613796704671245        11.061001307832605     
   50.356167458603110        11.202651341452338     
   51.536876064355368        9.9495734975372798     
   51.234950822025255        11.720477039130611     
   51.859110578389078        10.068814575811377     
   50.656828781190697        10.588892676715862     
   51.153801412205979        9.6454555230943306     
   51.558917521239849        10.543650562575113     
   50.769534253426770        9.3932813298526234     
   50.632664232015230        10.504306977494583     
   50.921787662304510        10.602790032873529     
   50.779227210712094        11.349589681283881     
   50.407789491689613        9.7899649461899294     
   51.918804546623889        9.0005477467678752     
   51.748194995168433        10.383273384296000     
   51.368914864984305        9.2573621726304616     
   51.210609122519898        9.4681075343829981     
   51.448023436258921        9.7648037467348523     
   51.075310833465963        9.7739771684022436     
   51.224036109057707        9.5533838756562055     
   51.176451008969153        9.9810149765572120     
   51.152630883500464        9.6582080124962140     
   51.333878672858788        9.4185605402924644     
   51.191389672033779        9.9203346074475682     
   51.271779227311285        9.8569580552263574     
   51.221006727363203        10.212695200599050     
   51.295143976897037        10.131405337491866     
   51.153801412205979        9.6454555230943306     
   51.216519054453897        9.4802300319071762     
   51.134758201642413        9.3076556413097471     
   51.202673583406778        9.9083092503374068     
   51.340999573961724        9.7261194199463219     
   51.488683843758167        9.3214990037043499     
   51.131056669323243        10.281344925324234     
   51.068944759699747        9.1831801660428596     
   51.156733758759088        10.103827847652052     
   51.271673570178962        9.5604904337861818     
   51.210609122519898        9.4681075343829981     
   51.342079991244361        9.8226373346989995     
   51.318480820327466        9.5731861278110060     
   51.224036109057707        9.5533838756562055     
   51.220080330610529        9.5581906047330598     
   51.273003022164232        9.4118698055324721     
   51.335003473930897        9.5139267546728981     
   51.191389672033779        9.9203346074475682     
   51.250102952543998        9.5629907779586496     
   51.362271464272737        9.7444179486261469     
   51.384660373827970        9.5751277933828760     
   51.211560381385311        9.6566113551055253     
   51.216519054453897        9.4802300319071762     
   51.324136103737644        9.6419328552252495     
   51.202673583406778        9.9083092503374068     
   51.340999573961724        9.7261194199463219     
   51.163283996073744        9.7404391820870764     
   51.355275556982093        9.6440499392236632     
   51.388891860446677        9.7544472867843837     
   51.196684326997968        9.8605266352390153     
   51.271673570178962        9.5604904337861818     
   51.268917085925921        9.6446035901913341     
   51.227247757153435        9.7053223727754734     
   51.300428753831852        9.6468486808937470     
   51.259605499822229        9.6807401304140974     
   51.247620289901207        9.6519869128849045     
   51.325080282484251        9.5601698781393765     
   51.244873926681436        9.6336196897047017     
   51.289271251064690        9.6565203713745653     
   51.227800610752794        9.7627651398057615     
   51.258816926089040        9.6050075540637287     
   51.249566567908744        9.7272568122659031     
   51.310853402602774        9.6918103676544547     
   51.249089287148792        9.8020546187041404     
   51.324136103737644        9.6419328552252495     
   51.294418416082166        9.7426754509360869     
   51.233010349628785        9.7820098163295306     
   51.228430063250542        9.7082564884151807     
   51.355275556982093        9.6440499392236632     
   51.223113549930432        9.6911976591899638     
   51.237391561523623        9.7036786759206564     
   51.302030331718413        9.7079872087523711     
   51.263921935109906        9.6822364197693638     
   51.286650069083919        9.6404935436060342     
   51.300428753831852        9.6468486808937470     
   51.259605499822229        9.6807401304140974     
   51.294190360437767        9.6996446403714671     
   51.290852725898688        9.7464536283378820     
   51.268969642317387        9.7017817248127152     
   51.298666194569208        9.6780609926669570     
   51.282322834575808        9.6516238344272764     
   51.296265986593411        9.6461371018580024     
   51.276744783563871        9.6652649727005233     
   51.276244225233526        9.6823660587380118     
   51.286160421300011        9.7065247834781552     
   51.285407793657981        9.6482515561378506     
   51.294418416082166        9.7426754509360869     
   51.265475434442294        9.7043626226872028     
   51.264371068066936        9.6659639399391111     
   51.260096775908593        9.7511466400822435     
   51.295090992827880        9.6724803342792640     
   51.276842299597376        9.6658069501428976     
   51.292831937691972        9.6656447628040674     
   51.277115195536737        9.7179808177378604     
   51.273809252118951        9.6711148859469986     
   51.294101770260241        9.6772628472632221     
   51.300072084718735        9.6883338367480185     
   51.278177184393329        9.7023425942374857     
   51.280099586857901        9.6994246454782314     
   51.298563463198690        9.6663595816160068     
   51.298666194569208        9.6780609926669570     
   51.283078285072691        9.6952628934869018     
   51.278160712726333        9.7045637022831421     
   51.276744783563871        9.6652649727005233     
   51.276244225233526        9.6823660587380118     
   51.286160421300011        9.7065247834781552     
   51.272820418719704        9.6982640297339238     
   51.288707320814680        9.6880685636050679     
   51.277662919465712        9.7113036899894674     
   51.277562070172692        9.6853197458252822     
   51.288994504501503        9.6837280960752956     
   51.297877828019878        9.6792788263518581     
   51.286949873933608        9.6745735073743937     
   51.277293160565833        9.6970927306395396     
   51.282647308733488        9.6901894942777460     
   51.283385195030078        9.6894995698277704     
   51.278349979120563        9.6886960151378858     
   51.288165329027791        9.6878026582886037     
   51.278177184393329        9.7023425942374857     
   51.280099586857901        9.6994246454782314     
   51.285354067518242        9.6885218907235284     
   51.284091715759587        9.6849296145318853     
   51.283078285072691        9.6952628934869018     
   51.286987737514949        9.7024262178957521     
   51.286249951075547        9.6865707172396611     
   51.278005762750794        9.7053296261548105     
   51.281496142158090        9.7003908409313517     
   51.282121104665421        9.6883807547367979     
   51.288707320814680        9.6880685636050679     
   51.279164111427221        9.6986473405320019     
   51.276911663892164        9.7033161159927666     
   51.278078637732222        9.6962531551792210     
   51.286479328798222        9.6920270683344434     
   51.281932312987720        9.6970101641556283     
   51.281852254869435        9.6933006406532165     
   51.282647308733488        9.6901894942777460     
   51.282234368286169        9.6937008236904880     
   51.282130065182699        9.6993348204987555     
   51.279346667042731        9.6990905697292717     
   51.281773760605731        9.6932769512162054     
   51.280099586857901        9.6994246454782314     
   51.279945547106422        9.6937453773396420     
   51.282114091627534        9.7008963181100505     
   51.283078285072691        9.6952628934869018     
   51.281843109665886        9.6956249955617508     
   51.281418883938798        9.6923966008746376     
   51.280850507110799        9.6978402072875660     
   51.281923641725086        9.6949047314665755     
   51.281236634498157        9.6956058185085894     
   51.283171450943414        9.6921615137613770     
   51.280380238829181        9.7012107071620690     
   51.284676211451639        9.6981924516577678     
   51.280348610960360        9.6942982562823588     
   51.280848688330551        9.6953082731681199     
   51.281932312987720        9.6970101641556283     
   51.283370111466851        9.6938909859341535     
   51.281179061482163        9.6971810220076833     
   51.281386307608912        9.6958682117825354     
   51.283926062892888        9.6937407596664862     
   51.282869573155480        9.6948192502844499     
   51.283418965830919        9.6966426466955689     
   51.283220449390043        9.6954878212840718     
   51.283108053658381        9.6976150279632094     
   51.281599856853163        9.6935275607778522     
   51.283078285072691        9.6952628934869018     
   51.281843109665886        9.6956249955617508     
   51.283054360338582        9.6966742325399480     
   51.281770626624976        9.6957426176253740     
   51.281923641725086        9.6949047314665755     
   51.283380519549979        9.6939732738471740     
   51.283171450943414        9.6921615137613770     
   51.282468094106676        9.6939974081903095     
   51.283535385668358        9.6924175824537677     
   51.282201899800128        9.6942735623422536     
   51.281630230837195        9.6944527091317703     
   51.282341275901047        9.6960672419882137     
   51.282355159571082        9.6947228391421376     
   51.282248866187288        9.6960841199481571     
   51.283051302470838        9.6939822958076753     
   51.282892250387306        9.6953828927853429     
   51.282869573155480        9.6948192502844499     
   51.282305022519594        9.6958804394938909     
   51.282542610984848        9.6941741280042635     
   51.282744976114316        9.6953246161968103     
   51.282745663499838        9.6958583571191639     
   51.282588952259189        9.6953457442150786     
   51.282041963864543        9.6965057431693928     
   51.282377390777384        9.6947672818047295     
   51.281770626624976        9.6957426176253740     
   51.281923641725086        9.6949047314665755     
   51.282903883557552        9.6957496493559248     
   51.282591303689031        9.6941460368728869     
   51.283212875767731        9.6954004928408359     
   51.283277416576865        9.6946508168155248     
   51.282783094663898        9.6945945126725306     
   51.282980006085126        9.6952447410868530     
   51.282998117359782        9.6947697269935311     
   51.282591609707239        9.6952396468647599     
   51.282633327653912        9.6950286486263764     
   51.282528310225970        9.6956012891533199     
   51.282741579498719        9.6953704527391871     
   51.282566661596633        9.6958458080986603     
   51.282627332913364        9.6943185994725063     
   51.282502023385589        9.6954019624239294     
   51.282583630623492        9.6958781096732380     
   51.282891669920730        9.6945645340083111     
   51.282704190979643        9.6956428581841223     
   51.282784287248532        9.6952883858612431     
   51.282783254532134        9.6948272021817488     
   51.282628468924898        9.6952914448849548     
   51.282529586832666        9.6960027808086124     
   51.282627924542410        9.6956265714278125     
   51.282518638786755        9.6953487000049634     
   51.282506467028782        9.6957586184942315     
   51.282761095928421        9.6952157500985017     
   51.282740728427569        9.6951027916356587     
   51.282577745440335        9.6957533757230969     
   51.282998117359782        9.6947697269935311     
   51.282591609707239        9.6952396468647599     
   51.282633327653912        9.6950286486263764     
   51.282683549188405        9.6952622202395666     
   51.282531053401812        9.6951376748183229     
   51.282614411491977        9.6953409345865573     
   51.282795184184934        9.6950434062364828     
   51.282529332102314        9.6953908779135531     
   51.282571559447717        9.6952226144207252     
   51.282592594472959        9.6953045780054303     
   51.282595428850911        9.6951308004534518     
   51.282577632923079        9.6951529745155050     
   51.282630653758289        9.6950675688558015     
   51.282628468924898        9.6952914448849548     
   51.282762649757970        9.6953558603843355     
   51.282552421533438        9.6949737446441091     
   51.282518638786755        9.6953487000049634     
   51.282736675954808        9.6949604506577849     
   51.282572516076470        9.6953222113350535     
   51.282740728427569        9.6951027916356587     
   51.282672104449162        9.6949259053831902     
   51.282610560628555        9.6952091037052490     
   51.282595852836906        9.6952954592844875     
   51.282601909012072        9.6951576138245201     
   51.282622344621743        9.6952175945591357     
   51.282665969657671        9.6952987594301767     
   51.282597263877406        9.6953478179162467     
   51.282587647096307        9.6951959336760254     
   51.282631016224684        9.6951176733059654     
   51.282571559447717        9.6952226144207252     
   51.282600416911521        9.6953296211370095     
   51.282633195550559        9.6952359531067493     
   51.282578373230805        9.6952928664794307     
   51.282613889014655        9.6952835275808233     
   51.282628468924898        9.6952914448849548     
   51.282682622546830        9.6950749037456951     
   51.282591376879409        9.6951980410413441     
   51.282663066196491        9.6952862040597054     
   51.282616368170693        9.6951795731592618     
   51.282572516076470        9.6953222113350535     
   51.282593866527364        9.6953242344278969     
   51.282604328227492        9.6952415819151696     
   51.282610560628555        9.6952091037052490     
   51.282615951948415        9.6952943077294087     
   51.282601909012072        9.6951576138245201     
   51.282622344621743        9.6952175945591357     
   51.282633671343390        9.6951100939053667     
   51.282624665439670        9.6951141694070273     
   51.282603204746579        9.6951524275417498     
   51.282631016224684        9.6951176733059654     
   51.282588567764662        9.6952124240342172     
   51.282644917837857        9.6952387345785738     
   51.282597183824493        9.6952020248797659     
   51.282587115247452        9.6951969938383264     
   51.282600986972525        9.6952131388038794     
   51.282601776265111        9.6952603137907403     
   51.282601042376186        9.6951969459752441     
   51.282636076860783        9.6951226580423295     
   51.282596821702427        9.6951588553122825     
   51.282616368170693        9.6951795731592618     
   51.282593036985332        9.6952142945270161     
   51.282602462952440        9.6952626053385984     
   51.282604328227492        9.6952415819151696     
   51.282619255993524        9.6952233157516154     
   51.282615660013789        9.6951443031251223     
   51.282614197198285        9.6951982555967113     
   51.282615110933108        9.6951716480813808     
   51.282625040349757        9.6951508890884419     
   51.282636020288066        9.6951532196127985     
   51.282608246910726        9.6951831082448052     
   51.282637687947201        9.6951439390492808     
   51.282618598809194        9.6951423746805006     
   51.282644917837857        9.6952387345785738     
   51.282601986251194        9.6951848674532926     
   51.282603428508651        9.6951930119235286     
   51.282600986972525        9.6952131388038794     
   51.282606076086083        9.6951914671052180     
   51.282601660038182        9.6951976497887316     
   51.282625541020593        9.6952431364785063     
   51.282641171954438        9.6951732407750839     
   51.282616368170693        9.6951795731592618     
   51.282607632539765        9.6952228047065638     
   51.282629920811843        9.6952232256438577     
   51.282608209966824        9.6952345001781843     
   51.282620529373844        9.6951967864082178     
   51.282630612817769        9.6951866664196444     
   51.282619526238364        9.6951677035034933     
   51.282611185300141        9.6952156987773463     
   51.282632980224292        9.6951648589983677     
   51.282632689386290        9.6951764076331983     
   51.282634742438020        9.6952043154992040     
   51.282639099999983        9.6952228472934259     
   51.282644886866080        9.6951720690653964     
   51.282625038321399        9.6951977415531516     
   51.282623302927362        9.6952306206319534     
   51.282630112470855        9.6951895046876082     
   51.282612882499308        9.6952229095760138     
   51.282630355817190        9.6951599720680051     
   51.282622644887610        9.6951884090823519     
   51.282633536780409        9.6951721860752791     
   51.282624520154386        9.6952004130313263     
   51.282608215218275        9.6952195925894671     
   51.282618076695158        9.6952080800345186     
   51.282629920811843        9.6952232256438577     
   51.282642243845942        9.6951702551458858     
   51.282638409789399        9.6952093352042930     
   51.282630612817769        9.6951866664196444     
   51.282639772135042        9.6951893596897882     
   51.282636339385078        9.6952022653866976     
   51.282637451583454        9.6951997208621705     
   51.282625681664314        9.6951936863311694     
   51.282634742438020        9.6952043154992040     
   51.282636896773269        9.6951981249996599     
   51.282631409824134        9.6951923579513029     
   51.282622008221580        9.6951959989562262     
   51.282629878255847        9.6951865044053065     
   51.282627763673972        9.6951864007383826     
   51.282629938879339        9.6951705344185619     
   51.282623275072908        9.6951897706800700     
   51.282622644887610        9.6951884090823519     
   51.282633536780409        9.6951721860752791     
   51.282624520154386        9.6952004130313263     
   51.282631174531630        9.6951864039181324     
   51.282631737170462        9.6952159092834584     
   51.282638067635673        9.6951808355631570     
   51.282632053787594        9.6951829665925544     
   51.282634700233160        9.6951819365338316     
   51.282636708488667        9.6951903490096747     
   51.282632378091449        9.6951841647393948     
   51.282621880666042        9.6951959269651695     
   51.282631484866769        9.6951886331269677     
   51.282625681664314        9.6951936863311694     
   51.282634562230641        9.6951874689961954     
   51.282623737310942        9.6951876229801073     
   51.282631409824134        9.6951923579513029     
   51.282627303736263        9.6951875649094177     
   51.282629878255847        9.6951865044053065     
   51.282624642753845        9.6951849782453188     
   51.282633753977677        9.6952023717529450     
   51.282629995448175        9.6951898698529284     
   51.282628222066876        9.6951935642324045     
   51.282632181381530        9.6951890093454054     
   51.282624086028946        9.6951926980031864     
   51.282623889139259        9.6951906383928090     
   51.282635906497404        9.6952024846918086     
   51.282624724892145        9.6951910871091016     
   51.282632053787594        9.6951829665925544     
   51.282633732846449        9.6951798410217904     
   51.282624389111433        9.6951945817510534     
   51.282628968148686        9.6951947411917487     
   51.282625914838249        9.6951999764996515     
   51.282631338248677        9.6951922052749921     
   51.282625681664314        9.6951936863311694     
   51.282626866904778        9.6951940674373951     
   51.282626147483271        9.6951994695658605     
   51.282631409824134        9.6951923579513029     
   51.282627264649093        9.6952000475695108     
   51.282627038870729        9.6951933689698748     
   51.282630979861850        9.6951920345556104     
   51.282626873081981        9.6951953674284397     
   51.282629849820268        9.6951903878933798     
   51.282628222066876        9.6951935642324045     
   51.282632181381530        9.6951890093454054     
   51.282628694904659        9.6952007855931832     
   51.282628339192755        9.6951980611400295     
   51.282633626221795        9.6951957711777581     
   51.282627687634232        9.6951992628362085     
   51.282628157050013        9.6951880004450643     
   51.282634274736523        9.6951979548996299     
   51.282629635993686        9.6952010292215682     
   51.282628968148686        9.6951947411917487     
   51.282630339236846        9.6951944777179371     
   51.282629445752505        9.6951953552269430     
   51.282627233409855        9.6951975662088863     
   51.282630268352918        9.6951913212993333     
   51.282629982961780        9.6951929993725230     
   51.282628863691926        9.6952005040302538     
   51.282627264649093        9.6952000475695108     
   51.282627412693628        9.6951984045605464     
   51.282630979861850        9.6951920345556104     
   51.282630590162768        9.6951941157922690     
   51.282629537404134        9.6951996028680050     
   51.282628222066876        9.6951935642324045     
   51.282631119607572        9.6951957510404405     
   51.282629812404991        9.6951943092659967     
   51.282628339192755        9.6951980611400295     
   51.282627974975981        9.6951962311660225     
   51.282627166877759        9.6951984235514459     
   51.282628630863570        9.6951930086844200     
   51.282628000981106        9.6951974397141569     
   51.282627654327541        9.6951967503721050     
   51.282628968148686        9.6951947411917487     
   51.282629782237208        9.6951934812529501     
   51.282629445752505        9.6951953552269430     
   51.282628715732869        9.6951951200286004     
   51.282628856414647        9.6951964145445793     
   51.282628791059736        9.6951956239707577     
   51.282628538330385        9.6951988814124412     
   51.282630200991761        9.6951941100649890     
   51.282629995988543        9.6951951238635239     
   51.282629079065728        9.6951956033296440     
   51.282629586786626        9.6951953401007813     
   51.282630877962191        9.6951950639859348     
   51.282628423444990        9.6951980193885205     
   51.282629255772022        9.6951951361697191     
   51.282629812404991        9.6951943092659967     
   51.282630228892401        9.6951981037155477     
   51.282627891508213        9.6951963780600003     
   51.282628543843259        9.6951951966179379     
   51.282628997526729        9.6951989870978430     
   51.282628000981106        9.6951974397141569     
   51.282629235789898        9.6951974032335713     
   51.282628952688967        9.6951955625006327     
   51.282629375420726        9.6951954142340639     
   51.282629074094459        9.6951971000616730     
   51.282628673387023        9.6951971678515250     
   51.282629095849671        9.6951971895695692     
   51.282629273718413        9.6951959531078060     
   51.282629595953821        9.6951955634143054     
   51.282629016038015        9.6951971113213453     
   51.282629093847859        9.6951964898908933     
   51.282629079065728        9.6951956033296440     
   51.282629586786626        9.6951953401007813     
   51.282629121385568        9.6951973482838518     
   51.282628974819531        9.6951957410189316     
   51.282629255772022        9.6951951361697191     
   51.282629471866031        9.6951965751135951     
   51.282629100925632        9.6951948896002662     
   51.282628484170402        9.6951967497308793     
   51.282629189414280        9.6951954782595067     
   51.282628901205058        9.6951969162892482     
   51.282628670239433        9.6951965982095096     
   51.282629101027780        9.6951964601265281     
   51.282629356161863        9.6951960732523190     
   51.282629397966048        9.6951964248886391     
   51.282629338675790        9.6951965140037935     
   51.282629388129834        9.6951960582467329     
   51.282629379111995        9.6951965566150591     
   51.282629471586546        9.6951965619300360     
   51.282629531680868        9.6951958573068353     
   51.282629331772853        9.6951962656561790     
   51.282629093847859        9.6951964898908933     
   51.282629138675588        9.6951966403219743     
   51.282629115813350        9.6951961754160152     
   51.282629359447938        9.6951963020776404     
   51.282629270694471        9.6951970108166421     
   51.282629263697970        9.6951970156891605     
   51.282629471866031        9.6951965751135951     
   51.282629261280974        9.6951958355684837     
   51.282629168776097        9.6951969595144405     
   51.282629284912417        9.6951964092185001     
   51.282629447416639        9.6951960922358644     
   51.282628999336040        9.6951963698830959     
   51.282629370058771        9.6951961711340786     
   51.282629387859160        9.6951965145308172     
   51.282629180510099        9.6951962640422877     
   51.282629338675790        9.6951965140037935     
   51.282629180664387        9.6951964687132524     
   51.282629331468385        9.6951964149200691     
   51.282629247930686        9.6951962162030689     
   51.282629271486982        9.6951966695834706     
   51.282629331772853        9.6951962656561790     
   51.282629115293005        9.6951963893936011     
   51.282629393278143        9.6951962334974802     
   51.282629445163707        9.6951962780797629     
   51.282629230988732        9.6951965319177447     
   51.282629247815365        9.6951963287067748     
   51.282629287354013        9.6951962708845159     
   51.282629189340540        9.6951963215809940     
   51.282629398968240        9.6951963726404138     
   51.282629216486882        9.6951963113158115     
   51.282629242137190        9.6951961018585102     
   51.282629364078673        9.6951963820435694     
   51.282629206757576        9.6951962070648037     
   51.282629312580255        9.6951963262107022     
   51.282629345617892        9.6951962639536298     
   51.282629282321594        9.6951963059466735     
   51.282629338675790        9.6951965140037935     
   51.282629302219235        9.6951964278934888     
   51.282629304825861        9.6951964563594437     
   51.282629300228663        9.6951964441155205     
   51.282629283804553        9.6951963741257821     
   51.282629242615343        9.6951965667841051     
   51.282629279626263        9.6951963296483150     
   51.282629287508513        9.6951962882796181     
   51.282629291021152        9.6951963198522648     
   51.282629269824128        9.6951963564115609     
   51.282629261818911        9.6951962661882050     
   51.282629283841018        9.6951964037490157     
   51.282629273661215        9.6951963271266806     
   51.282629234012930        9.6951963932621652     
   51.282629278866011        9.6951964071875132     
   51.282629263594245        9.6951962543091916     
   51.282629291683577        9.6951963832300265     
   51.282629302048022        9.6951961830420963     
   51.282629296628585        9.6951963970387034     
   51.282629256839400        9.6951965252910348     
   51.282629266591272        9.6951962323142524     
   51.282629296750869        9.6951963334257094     
   51.282629256866940        9.6951964739366225     
   51.282629304825861        9.6951964563594437     
   51.282629272451828        9.6951963875086449     
   51.282629283804553        9.6951963741257821     
   51.282629264258176        9.6951963130127652     
   51.282629264009543        9.6951963914274337     
   51.282629287508513        9.6951962882796181     
   51.282629275048734        9.6951963682213673     
   51.282629269824128        9.6951963564115609     
   51.282629261818911        9.6951962661882050     
   51.282629275297424        9.6951962429198844     
   51.282629301054669        9.6951962449381988     
   51.282629308938255        9.6951961462548510     
   51.282629278866011        9.6951964071875132     
   51.282629284777869        9.6951964268047810     
   51.282629253374196        9.6951963737079616     
   51.282629295402018        9.6951963103194991     
   51.282629296831658        9.6951963790951439     
   51.282629256839400        9.6951965252910348     
   51.282629266591272        9.6951962323142524     
   51.282629280695375        9.6951963766153781     
   51.282629295212629        9.6951962320996827     
   51.282629307031073        9.6951962011770441     
   51.282629272451828        9.6951963875086449     
   51.282629283804553        9.6951963741257821     
   51.282629264258176        9.6951963130127652     
   51.282629264009543        9.6951963914274337     
   51.282629287508513        9.6951962882796181     
   51.282629275048734        9.6951963682213673     
   51.282629313674249        9.6951962049092870     
   51.282629261818911        9.6951962661882050     
   51.282629275297424        9.6951962429198844     
   51.282629256520920        9.6951963537354686     
   51.282629308938255        9.6951961462548510     
   51.282629278866011        9.6951964071875132     
   51.282629273158449        9.6951963537596377     
   51.282629320494792        9.6951963657951410     
   51.282629287103120        9.6951964392361631     
   51.282629286970931        9.6951963603091293     
   51.282629277936209        9.6951964608966925     
   51.282629277259417        9.6951963104025225     
   51.282629270168243        9.6951964083496947     
   51.282629286384619        9.6951963984941791     
   51.282629307031073        9.6951962011770441     
   51.282629272451828        9.6951963875086449     
   51.282629283804553        9.6951963741257821     
   51.282629326463550        9.6951963101019807     
   51.282629264009543        9.6951963914274337     
   51.282629287508513        9.6951962882796181     
   51.282629275048734        9.6951963682213673     
   51.282629313674249        9.6951962049092870     
   51.282629261818911        9.6951962661882050     
   51.282629263870120        9.6951962305424679     
   51.282629300522544        9.6951964262215995     
   51.282629295075864        9.6951963134307455     
   51.282629278866011        9.6951964071875132     
   51.282629273158449        9.6951963537596377     
   51.282629320494792        9.6951963657951410     
   51.282629287103120        9.6951964392361631     
   51.282629286970931        9.6951963603091293     
   51.282629277936209        9.6951964608966925     
   51.282629277259417        9.6951963104025225     
   51.282629270168243        9.6951964083496947     
   51.282629286384619        9.6951963984941791     
   51.282629270856319        9.6951963524492051     
   51.282629272451828        9.6951963875086449     
   51.282629283804553        9.6951963741257821     
   51.282629326463550        9.6951963101019807     
   51.282629288752389        9.6951963005972566     
   51.282629287508513        9.6951962882796181     
   51.282629275048734        9.6951963682213673     
   51.282629313674249        9.6951962049092870     
   51.282629258235232        9.6951962246750902     
   51.282629263870120        9.6951962305424679     
   51.282629300522544        9.6951964262215995     
   51.282629295075864        9.6951963134307455     
   51.282629284092152        9.6951962956539184     
   51.282629273158449        9.6951963537596377     
   51.282629320494792        9.6951963657951410     
   51.282629287103120        9.6951964392361631     
   51.282629286970931        9.6951963603091293     
   51.282629251967819        9.6951963481545285     
   51.282629277259417        9.6951963104025225     
   51.282629270168243        9.6951964083496947     
   51.282629286384619        9.6951963984941791     
   51.282629270856319        9.6951963524492051     
   51.282629272451828        9.6951963875086449     
   51.282629283804553        9.6951963741257821     
   51.282629326463550        9.6951963101019807     
   51.282629288752389        9.6951963005972566     
   51.282629287508513        9.6951962882796181     
   51.282629275048734        9.6951963682213673     
   51.282629313674249        9.6951962049092870     
   51.282629258235232        9.6951962246750902     
   51.282629263870120        9.6951962305424679     
   51.282629300522544        9.6951964262215995     
   51.282629295075864        9.6951963134307455     
   51.282629284092152        9.6951962956539184     
   51.282629273158449        9.6951963537596377     
   51.282629218106493        9.6951963963383712     
   51.282629287103120        9.6951964392361631     
   51.282629286970931        9.6951963603091293     
   51.282629251967819        9.6951963481545285     
   51.282629277259417        9.6951963104025225     
   51.282629269126943        9.6951963735718287     
   51.282629286384619        9.6951963984941791     
   51.282629270856319        9.6951963524492051     
   51.282629272451828        9.6951963875086449     
   51.282629283804553        9.6951963741257821     
   51.282629326463550        9.6951963101019807     
   51.282629288752389        9.6951963005972566     
   51.282629287508513        9.6951962882796181     
   51.282629275048734        9.6951963682213673     
   51.282629313674249        9.6951962049092870     
   51.282629319522087        9.6951962906423397     
   51.282629263870120        9.6951962305424679     
   51.282629278971982        9.6951962980641113     
   51.282629295075864        9.6951963134307455     
   51.282629284092152        9.6951962956539184     
   51.282629273158449        9.6951963537596377     
   51.282629218106493        9.6951963963383712     
   51.282629287103120        9.6951964392361631     
   51.282629286970931        9.6951963603091293     
   51.282629251967819        9.6951963481545285     
   51.282629277259417        9.6951963104025225     
   51.282629269126943        9.6951963735718287     
   51.282629286384619        9.6951963984941791     
   51.282629300465274        9.6951962774622196     
   51.282629272451828        9.6951963875086449     
   51.282629283804553        9.6951963741257821     
   51.282629284366337        9.6951963861585853     
   51.282629263958711        9.6951962990115774     
   51.282629287508513        9.6951962882796181     
   51.282629275048734        9.6951963682213673     
   51.282629313674249        9.6951962049092870     
   51.282629319522087        9.6951962906423397     
   51.282629263870120        9.6951962305424679     
   51.282629278971982        9.6951962980641113     
   51.282629295075864        9.6951963134307455     
   51.282629284092152        9.6951962956539184     
   51.282629273158449        9.6951963537596377     
   51.282629218106493        9.6951963963383712     
   51.282629287103120        9.6951964392361631     
   51.282629286970931        9.6951963603091293     
   51.282629251967819        9.6951963481545285     
   51.282629265905754        9.6951963654925137     
   51.282629269126943        9.6951963735718287     
   51.282629290958226        9.6951963314936798     
   51.282629300465274        9.6951962774622196     
   51.282629272451828        9.6951963875086449     
   51.282629283804553        9.6951963741257821     
   51.282629284366337        9.6951963861585853     
   51.282629263958711        9.6951962990115774     
   51.282629287508513        9.6951962882796181     
   51.282629275048734        9.6951963682213673     
   51.282629313674249        9.6951962049092870     
   51.282629319522087        9.6951962906423397     
   51.282629263870120        9.6951962305424679     
   51.282629278971982        9.6951962980641113     
   51.282629295075864        9.6951963134307455     
   51.282629284092152        9.6951962956539184     
   51.282629273158449        9.6951963537596377     
   51.282629218106493        9.6951963963383712     
   51.282629287103120        9.6951964392361631     
   51.282629286970931        9.6951963603091293     
   51.282629251967819        9.6951963481545285     
   51.282629265905754        9.6951963654925137     
   51.282629269126943        9.6951963735718287     
   51.282629290958226        9.6951963314936798     
   51.282629300465274        9.6951962774622196     
   51.282629272451828        9.6951963875086449     
   51.282629283804553        9.6951963741257821     
   51.282629284366337        9.6951963861585853     
   51.282629263958711        9.6951962990115774     
   51.282629287508513        9.6951962882796181     
   51.282629275048734        9.6951963682213673     
   51.282629313674249        9.6951962049092870     
   51.282629319522087        9.6951962906423397     
   51.282629263870120        9.6951962305424679     
   51.282629278971982        9.6951962980641113     
   51.282629295075864        9.6951963134307455     
   51.282629267931867        9.6951963420617595     
   51.282629273158449        9.6951963537596377     
   51.282629218106493        9.6951963963383712     
   51.282629287103120        9.6951964392361631     
   51.282629286970931        9.6951963603091293     
   51.282629251967819        9.6951963481545285     
   51.282629265905754        9.6951963654925137     
   51.282629269126943        9.6951963735718287     
   51.282629290958226        9.6951963314936798     
   51.282629300465274        9.6951962774622196     
   51.282629278243888        9.6951963253441207     
   51.282629283804553        9.6951963741257821     
   51.282629284366337        9.6951963861585853     
   51.282629263958711        9.6951962990115774     
   51.282629287508513        9.6951962882796181     
   51.282629275048734        9.6951963682213673     
   51.282629313674249        9.6951962049092870     
   51.282629319522087        9.6951962906423397     
   51.282629263870120        9.6951962305424679     
   51.282629278971982        9.6951962980641113     
   51.282629295075864        9.6951963134307455     
   51.282629267931867        9.6951963420617595     
   51.282629273158449        9.6951963537596377     
   51.282629218106493        9.6951963963383712     
   51.282629287103120        9.6951964392361631     
   51.282629286970931        9.6951963603091293     
   51.282629251967819        9.6951963481545285     
   51.282629265905754        9.6951963654925137     
   51.282629269126943        9.6951963735718287     
   51.282629290958226        9.6951963314936798     
   51.282629300465274        9.6951962774622196     
   51.282629278243888        9.6951963253441207     
   51.282629283804553        9.6951963741257821     
   51.282629284366337        9.6951963861585853     
   51.282629263958711        9.6951962990115774     
   51.282629287508513        9.6951962882796181     
   51.282629275048734        9.6951963682213673     
   51.282629313674249        9.6951962049092870     
   51.282629319522087        9.6951962906423397     
   51.282629273423098        9.6951962709205333     
   51.282629278971982        9.6951962980641113     
   51.282629254971070        9.6951963300792769     
   51.282629267931867        9.6951963420617595     
   51.282629273158449        9.6951963537596377     
   51.282629218106493        9.6951963963383712     
   51.282629287103120        9.6951964392361631     
   51.282629286970931        9.6951963603091293     
   51.282629251967819        9.6951963481545285     
   51.282629265905754        9.6951963654925137     
   51.282629269126943        9.6951963735718287     
   51.282629290958226        9.6951963314936798     
   51.282629290145337        9.6951963850254081     
   51.282629278243888        9.6951963253441207     
   51.282629283804553        9.6951963741257821     
   51.282629284366337        9.6951963861585853     
   51.282629263958711        9.6951962990115774     
   51.282629287508513        9.6951962882796181     
   51.282629275048734        9.6951963682213673     
   51.282629313674249        9.6951962049092870     
   51.282629319522087        9.6951962906423397     
   51.282629273423098        9.6951962709205333     
   51.282629290331911        9.6951963274644939     
   51.282629254971070        9.6951963300792769     
   51.282629267931867        9.6951963420617595     
   51.282629273158449        9.6951963537596377     
   51.282629218106493        9.6951963963383712     
   51.282629287103120        9.6951964392361631     
   51.282629286970931        9.6951963603091293     
   51.282629251967819        9.6951963481545285     
   51.282629265905754        9.6951963654925137     
   51.282629269126943        9.6951963735718287     
   51.282629290958226        9.6951963314936798     
   51.282629283015780        9.6951963526014957     
   51.282629278243888        9.6951963253441207     
   51.282629283804553        9.6951963741257821     
   51.282629284366337        9.6951963861585853     
   51.282629263958711        9.6951962990115774     
   51.282629287508513        9.6951962882796181     
   51.282629275048734        9.6951963682213673     
   51.282629313674249        9.6951962049092870     
   51.282629319522087        9.6951962906423397     
   51.282629273423098        9.6951962709205333     
   51.282629290331911        9.6951963274644939     
   51.282629254971070        9.6951963300792769     
   51.282629267931867        9.6951963420617595     
   51.282629273158449        9.6951963537596377     
   51.282629218106493        9.6951963963383712     
   51.282629287103120        9.6951964392361631     
   51.282629286970931        9.6951963603091293     
   51.282629251967819        9.6951963481545285     
   51.282629265905754        9.6951963654925137     
   51.282629269126943        9.6951963735718287     
   51.282629290958226        9.6951963314936798     
   51.282629283015780        9.6951963526014957     
   51.282629278243888        9.6951963253441207     
   51.282629283804553        9.6951963741257821     
   51.282629284366337        9.6951963861585853     
   51.282629263958711        9.6951962990115774     
   51.282629287508513        9.6951962882796181     
   51.282629275048734        9.6951963682213673     
   51.282629313674249        9.6951962049092870     
   51.282629319522087        9.6951962906423397     
   51.282629273423098        9.6951962709205333     
   51.282629290331911        9.6951963274644939     
   51.282629254971070        9.6951963300792769     
   51.282629267931867        9.6951963420617595     
   51.282629273158449        9.6951963537596377     
   51.282629218106493        9.6951963963383712     
   51.282629287103120        9.6951964392361631     
   51.282629286970931        9.6951963603091293     
   51.282629251967819        9.6951963481545285     
   51.282629265905754        9.6951963654925137     
   51.282629280008877        9.6951963613591374     
   51.282629280536284        9.6951963486166726     
   51.282629283015780        9.6951963526014957     
   51.282629278243888        9.6951963253441207     
   51.282629283804553        9.6951963741257821     
   51.282629284366337        9.6951963861585853     
   51.282629263958711        9.6951962990115774     
   51.282629287508513        9.6951962882796181     
   51.282629275048734        9.6951963682213673     
   51.282629313674249        9.6951962049092870     
   51.282629314743616        9.6951963008913999     
   51.282629273423098        9.6951962709205333     
   51.282629290331911        9.6951963274644939     
   51.282629254971070        9.6951963300792769     
   51.282629267931867        9.6951963420617595     
   51.282629273158449        9.6951963537596377     
   51.282629218106493        9.6951963963383712     
   51.282629287103120        9.6951964392361631     
   51.282629286970931        9.6951963603091293     
   51.282629251967819        9.6951963481545285     
   51.282629265905754        9.6951963654925137     
   51.282629280008877        9.6951963613591374     
   51.282629280536284        9.6951963486166726     
   51.282629283015780        9.6951963526014957     
   51.282629278243888        9.6951963253441207     
   51.282629283804553        9.6951963741257821     
   51.282629284366337        9.6951963861585853     
   51.282629263958711        9.6951962990115774     
   51.282629287508513        9.6951962882796181     
   51.282629299159524        9.6951962877528892     
   51.282629313674249        9.6951962049092870     
   51.282629314743616        9.6951963008913999     
   51.282629273423098        9.6951962709205333     
   51.282629290331911        9.6951963274644939     
   51.282629254971070        9.6951963300792769     
   51.282629267931867        9.6951963420617595     
   51.282629273158449        9.6951963537596377     
   51.282629218106493        9.6951963963383712     
   51.282629287103120        9.6951964392361631     
