   0.0000000000000000       0.62074153112553176        2.1814089999999999     
   1.0000000000000000       0.63983863375324290      -0.57840769999999997     
   2.0000000000000000       0.65904574923115433       -2.1688850000000000     
   3.0000000000000000       0.67823231432703324       -2.2682920000000002     
   4.0000000000000000       0.69723480741231469       -1.8751240000000000     
   5.0000000000000000       0.71584963523855549        2.8024049999999998     
   6.0000000000000000       0.73382446593677741        1.6946680000000001     
   7.0000000000000000       0.75084765092469752       -1.4197120000000001     
   8.0000000000000000       0.76653529134637211       0.48853269999999999     
   9.0000000000000000       0.78041539458718034       -1.1722399999999999     
   10.000000000000000       0.79190842811294715       0.49346740000000000     
   11.000000000000000       0.80030340237135533       0.22333149999999999     
   12.000000000000000       0.80472839287540410      -0.76727109999999998     
   13.000000000000000       0.80411412969624507      -0.37149140000000003     
   14.000000000000000       0.79714892481933930       0.50320339999999997     
   15.000000000000000       0.78222275233929395        2.7669760000000001     
   16.000000000000000       0.75735771639301674        3.2203420000000000     
   17.000000000000000       0.72012140301012550       -1.3676779999999999     
   18.000000000000000       0.66751867112543550        1.7088239999999999     
   19.000000000000000       0.59585624198007281        2.4243460000000001E-002
   20.000000000000000       0.50057292911515106       -2.8567179999999999     
   21.000000000000000       0.37602643574791728        7.0976769999999995E-002
   22.000000000000000       0.21522524426472955      -0.11891930000000001     
   23.000000000000000        9.4911407359177247E-003  -2.3471250000000001     
   24.000000000000000      -0.25196572810091311       -3.8551940000000000     
   25.000000000000000      -0.58258172074783943        1.6096040000000000     
   26.000000000000000      -0.99911195345703163       0.49218339999999999     
   27.000000000000000       -1.5224728109933494       -1.6616640000000000     
   28.000000000000000       -2.1787927448494884      -0.50876359999999998     
   29.000000000000000       -3.0007129166733648      -0.53358380000000005     
   30.000000000000000       -4.0289784615342796       -3.8928120000000002     
   31.000000000000000       -5.3143511047092034       -3.9079109999999999     
   32.000000000000000       -6.9198457835263980       -5.8446600000000002     
   33.000000000000000       -8.9232327074860223       -11.423600000000000     
   34.000000000000000       -11.419626816266828       -10.779380000000000     
   35.000000000000000       -14.523768611037667       -20.930150000000001     
   36.000000000000000       -18.371222493002278       -21.714089999999999     
   37.000000000000000       -23.117094449280557       -25.048079999999999     
   38.000000000000000       -28.929893677286600       -27.605810000000002     
   39.000000000000000       -35.976739333906153       -36.643430000000002     
   40.000000000000000       -44.394262949739641       -40.035449999999997     
   41.000000000000000       -54.237639419305196       -56.496070000000003     
   42.000000000000000       -65.399335913312825       -64.342070000000007     
   43.000000000000000       -77.491979061283928       -73.681290000000004     
   44.000000000000000       -89.700777270805702       -89.421469999999999     
   45.000000000000000       -100.63600912734546       -103.86950000000000     
   46.000000000000000       -108.25767459234703       -109.30780000000000     
   47.000000000000000       -109.99059730115187       -109.81990000000000     
   48.000000000000000       -103.15874792700561       -100.45810000000000     
   49.000000000000000       -85.777089891791547       -84.731800000000007     
   50.000000000000000       -57.513040465008089       -56.501649999999998     
   51.000000000000000       -20.364679018122843       -21.432250000000000     
   52.000000000000000        21.449285537859396        20.086530000000000     
   53.000000000000000        62.538558509972063        61.115749999999998     
   54.000000000000000        97.894931357150199        99.125119999999995     
   55.000000000000000        124.18910525123647        125.99090000000000     
   56.000000000000000        140.26953322532063        140.60860000000000     
   57.000000000000000        146.85366663704554        144.30560000000000     
   58.000000000000000        145.78866471127185        147.46879999999999     
   59.000000000000000        139.29955858478570        141.65430000000001     
   60.000000000000000        129.46248578493032        128.67140000000001     
   61.000000000000000        117.94459325379648        117.97280000000001     
   62.000000000000000        105.94427866681144        106.64010000000000     
   63.000000000000000        94.242486579281831        96.344780000000000     
   64.000000000000000        83.295848285593820        79.620410000000007     
   65.000000000000000        73.331504903013411        74.857489999999999     
   66.000000000000000        64.426059101795545        65.983519999999999     
   67.000000000000000        56.564414872034831        53.067650000000000     
   68.000000000000000        49.680470042196248        50.450029999999998     
   69.000000000000000        43.683652225128753        44.137259999999998     
   70.000000000000000        38.475307362288731        36.657859999999999     
   71.000000000000000        33.958223750636535        32.861620000000002     
   72.000000000000000        30.041718034779478        26.017230000000001     
   73.000000000000000        26.643967156662256        27.685590000000001     
   74.000000000000000        23.692704491222685        24.027139999999999     
   75.000000000000000        21.124997299226379        25.754809999999999     
   76.000000000000000        18.886551219602552        19.513760000000001     
   77.000000000000000        16.930809922712797        16.466069999999998     
   78.000000000000000        15.218004900816595        15.540300000000000     
   79.000000000000000        13.714240009921923        13.541090000000001     
   80.000000000000000        12.390652699355996        15.957549999999999     
   81.000000000000000        11.222668735310435        8.9334609999999994     
   82.000000000000000        10.189353010966443        10.248799999999999     
   83.000000000000000        9.2728514829032065        6.7546489999999997     
   84.000000000000000        8.4579156940999383        8.1588650000000005     
   85.000000000000000        7.7315000653616153        6.3260030000000000     
   86.000000000000000        7.0824221342445526        5.9501679999999997     
   87.000000000000000        6.5010765756887849        3.7857470000000002     
   88.000000000000000        5.9791947880657972        5.3673700000000002     
   89.000000000000000        5.5096428648212168        7.8323320000000001     
   90.000000000000000        5.0862517824716633        1.0468070000000000     
   91.000000000000000        4.7036745645527844        3.5572349999999999     
   92.000000000000000        4.3572660048812395        4.6762069999999998     
   93.000000000000000        4.0429812478942040        4.3977769999999996     
   94.000000000000000        3.7572901334788185        3.0963490000000000     
   95.000000000000000        3.4971047288381669        4.0521659999999997     
   96.000000000000000        3.2597179021395277        3.9852620000000001     
   97.000000000000000        3.0427511530433549        4.7134799999999997     
   98.000000000000000        2.8441102151846280        1.9515690000000001     
   99.000000000000000        2.6619471943813551        7.3689090000000004     
   100.00000000000000        2.4946282127239101        2.2474120000000002     
